{
 "cells": [
  {
   "cell_type": "markdown",
   "metadata": {},
   "source": [
    "# Fast Batch Multitask Lattice GP"
   ]
  },
  {
   "cell_type": "code",
   "execution_count": 1,
   "metadata": {},
   "outputs": [],
   "source": [
    "import fastgp\n",
    "import torch\n",
    "import numpy as np"
   ]
  },
  {
   "cell_type": "code",
   "execution_count": 2,
   "metadata": {},
   "outputs": [],
   "source": [
    "torch.set_default_dtype(torch.float64)"
   ]
  },
  {
   "cell_type": "markdown",
   "metadata": {},
   "source": [
    "## True Function"
   ]
  },
  {
   "cell_type": "code",
   "execution_count": 3,
   "metadata": {},
   "outputs": [
    {
     "name": "stdout",
     "output_type": "stream",
     "text": [
      "x.shape = (128, 1)\n",
      "y.shape = (2, 4, 128)\n",
      "z.shape = (256, 1)\n"
     ]
    }
   ],
   "source": [
    "def f(l,x):\n",
    "    weights = 2**torch.arange(1,l+2)\n",
    "    return torch.vstack([\n",
    "        (torch.sin(weights*np.pi*x)/weights).sum(1),\n",
    "        (torch.cos(weights*np.pi*x)/weights).sum(1),\n",
    "    ])\n",
    "num_tasks = 4\n",
    "d = 1 # dimension\n",
    "rng = torch.Generator().manual_seed(17)\n",
    "x = torch.rand((2**7,d),generator=rng) # random testing locations\n",
    "y = torch.cat([f(l,x)[:,None,:] for l in range(num_tasks)],1) # true values at random testing locations\n",
    "z = torch.rand((2**8,d),generator=rng) # other random locations at which to evaluate covariance\n",
    "print(\"x.shape = %s\"%str(tuple(x.shape)))\n",
    "print(\"y.shape = %s\"%str(tuple(y.shape)))\n",
    "print(\"z.shape = %s\"%str(tuple(z.shape)))"
   ]
  },
  {
   "cell_type": "markdown",
   "metadata": {},
   "source": [
    "## Construct Fast GP"
   ]
  },
  {
   "cell_type": "code",
   "execution_count": 4,
   "metadata": {},
   "outputs": [
    {
     "name": "stdout",
     "output_type": "stream",
     "text": [
      "i = 0\n",
      "\tx_next[0].shape = (32, 1)\n",
      "\ty_next[0].shape = (2, 32)\n",
      "i = 1\n",
      "\tx_next[1].shape = (64, 1)\n",
      "\ty_next[1].shape = (2, 64)\n",
      "i = 2\n",
      "\tx_next[2].shape = (128, 1)\n",
      "\ty_next[2].shape = (2, 128)\n",
      "i = 3\n",
      "\tx_next[3].shape = (256, 1)\n",
      "\ty_next[3].shape = (2, 256)\n"
     ]
    }
   ],
   "source": [
    "fgp = fastgp.FastGPLattice(d,seed_for_seq=7,num_tasks=num_tasks)\n",
    "x_next = fgp.get_x_next(n=2**torch.arange(5,5+num_tasks))\n",
    "y_next = [f(l,x_next[l]) for l in range(num_tasks)]\n",
    "fgp.add_y_next(y_next)\n",
    "assert len(x_next)==len(y_next)\n",
    "for i in range(len(x_next)):\n",
    "    print(\"i = %d\"%i)\n",
    "    print(\"\\tx_next[%d].shape = %s\"%(i,str(tuple(x_next[i].shape))))\n",
    "    print(\"\\ty_next[%d].shape = %s\"%(i,str(tuple(y_next[i].shape))))"
   ]
  },
  {
   "cell_type": "code",
   "execution_count": 5,
   "metadata": {},
   "outputs": [
    {
     "name": "stdout",
     "output_type": "stream",
     "text": [
      "pmean.shape = (2, 4, 128)\n",
      "l2 relative error:\n",
      "tensor([[6.0040e-04, 3.8550e-05, 3.2118e-06, 5.6326e-07],\n",
      "        [6.3219e-04, 3.5825e-05, 2.6625e-06, 6.6222e-07]])\n"
     ]
    }
   ],
   "source": [
    "pmean = fgp.post_mean(x)\n",
    "print(\"pmean.shape = %s\"%str(tuple(pmean.shape)))\n",
    "print(\"l2 relative error:\\n%s\"%str(torch.linalg.norm(y-pmean,dim=-1)/torch.linalg.norm(y,dim=-1)))"
   ]
  },
  {
   "cell_type": "code",
   "execution_count": 6,
   "metadata": {},
   "outputs": [
    {
     "name": "stdout",
     "output_type": "stream",
     "text": [
      "     iter of 5.0e+03 | NMLL       | noise      | scale      | lengthscales         | task_kernel \n",
      "    ~~~~~~~~~~~~~~~~~~~~~~~~~~~~~~~~~~~~~~~~~~~~~~~~~~~~~~~~~~~~~~~~~~~~~~~~~~~~~~~~~~~~~~~~~~~~~\n",
      "            0.00e+00 | -9.10e+04  | 1.00e-08   | 1.00e+00   | [1.0e+00]            | [[2.0e+00 1.0e+00 1.0e+00 1.0e+00] [1.0e+00 2.0e+00 1.0e+00 1.0e+00] [1.0e+00 1.0e+00 2.0e+00 1.0e+00] [1.0e+00 1.0e+00 1.0e+00 2.0e+00]]\n",
      "            5.00e+00 | -1.31e+05  | 1.00e-08   | 4.75e-01   | [4.8e-01]            | [[5.4e-01 6.5e-02 6.5e-02 6.5e-02] [6.5e-02 5.4e-01 6.5e-02 6.5e-02] [6.5e-02 6.5e-02 5.4e-01 6.5e-02] [6.5e-02 6.5e-02 6.5e-02 5.4e-01]]\n",
      "            1.00e+01 | -1.67e+05  | 1.00e-08   | 7.46e-02   | [7.5e-02]            | [[7.6e-02 1.4e-03 1.4e-03 -5.2e-03] [1.4e-03 7.6e-02 1.4e-03 -5.2e-03] [1.4e-03 1.4e-03 7.6e-02 -5.2e-03] [-5.2e-03 -5.2e-03 -5.2e-03 1.5e-01]]\n",
      "            1.50e+01 | -1.83e+05  | 1.00e-08   | 1.13e-01   | [1.1e-01]            | [[1.3e-02 8.4e-04 8.4e-04 1.6e-03] [8.4e-04 8.4e-02 1.1e-02 2.2e-02] [8.4e-04 1.1e-02 1.2e-01 2.2e-02] [1.6e-03 2.2e-02 2.2e-02 1.9e-01]]\n",
      "            2.00e+01 | -1.83e+05  | 1.00e-08   | 9.80e-02   | [9.8e-02]            | [[3.0e-02 2.8e-03 5.0e-03 7.6e-03] [2.8e-03 5.6e-02 2.3e-02 3.5e-02] [5.0e-03 2.3e-02 1.4e-01 6.2e-02] [7.6e-03 3.5e-02 6.2e-02 2.6e-01]]\n",
      "            2.50e+01 | -1.84e+05  | 1.00e-08   | 1.05e-01   | [1.0e-01]            | [[2.3e-02 1.7e-03 4.1e-03 5.1e-03] [1.7e-03 5.2e-02 1.7e-02 2.1e-02] [4.1e-03 1.7e-02 1.1e-01 5.1e-02] [5.1e-03 2.1e-02 5.1e-02 2.4e-01]]\n",
      "            3.00e+01 | -1.84e+05  | 1.00e-08   | 1.18e-01   | [1.2e-01]            | [[1.6e-02 1.4e-03 4.6e-03 3.8e-03] [1.4e-03 3.8e-02 1.9e-02 1.6e-02] [4.6e-03 1.9e-02 8.3e-02 5.0e-02] [3.8e-03 1.6e-02 5.0e-02 2.0e-01]]\n",
      "            3.50e+01 | -1.84e+05  | 1.00e-08   | 1.33e-01   | [1.3e-01]            | [[1.4e-02 8.7e-04 3.3e-03 2.2e-03] [8.7e-04 3.2e-02 1.6e-02 1.0e-02] [3.3e-03 1.6e-02 7.2e-02 3.9e-02] [2.2e-03 1.0e-02 3.9e-02 1.6e-01]]\n",
      "            4.00e+01 | -1.84e+05  | 1.00e-08   | 1.33e-01   | [1.3e-01]            | [[1.4e-02 8.6e-04 3.1e-03 2.0e-03] [8.6e-04 3.0e-02 1.5e-02 9.7e-03] [3.1e-03 1.5e-02 6.5e-02 3.5e-02] [2.0e-03 9.7e-03 3.5e-02 1.5e-01]]\n",
      "            4.50e+01 | -1.84e+05  | 1.00e-08   | 1.35e-01   | [1.4e-01]            | [[1.3e-02 7.9e-04 2.9e-03 1.9e-03] [7.9e-04 2.8e-02 1.4e-02 8.8e-03] [2.9e-03 1.4e-02 5.9e-02 3.3e-02] [1.9e-03 8.8e-03 3.3e-02 1.4e-01]]\n",
      "            5.00e+01 | -1.84e+05  | 1.00e-08   | 1.35e-01   | [1.6e-01]            | [[1.0e-02 7.0e-04 2.7e-03 1.7e-03] [7.0e-04 2.4e-02 1.2e-02 7.8e-03] [2.7e-03 1.2e-02 5.2e-02 3.0e-02] [1.7e-03 7.8e-03 3.0e-02 1.2e-01]]\n",
      "            5.50e+01 | -1.85e+05  | 1.00e-08   | 1.36e-01   | [1.8e-01]            | [[1.0e-02 6.1e-04 2.4e-03 1.5e-03] [6.1e-04 2.3e-02 1.1e-02 6.9e-03] [2.4e-03 1.1e-02 4.8e-02 2.7e-02] [1.5e-03 6.9e-03 2.7e-02 1.1e-01]]\n",
      "            6.00e+01 | -1.85e+05  | 1.00e-08   | 1.36e-01   | [1.8e-01]            | [[9.4e-03 6.1e-04 2.3e-03 1.4e-03] [6.1e-04 2.1e-02 1.1e-02 6.8e-03] [2.3e-03 1.1e-02 4.5e-02 2.6e-02] [1.4e-03 6.8e-03 2.6e-02 1.0e-01]]\n",
      "            6.50e+01 | -1.85e+05  | 1.00e-08   | 1.37e-01   | [2.1e-01]            | [[8.3e-03 5.5e-04 2.0e-03 1.3e-03] [5.5e-04 1.9e-02 9.7e-03 6.3e-03] [2.0e-03 9.7e-03 4.0e-02 2.3e-02] [1.3e-03 6.3e-03 2.3e-02 9.2e-02]]\n",
      "            7.00e+01 | -1.85e+05  | 1.00e-08   | 1.37e-01   | [2.6e-01]            | [[6.0e-03 4.7e-04 1.6e-03 1.1e-03] [4.7e-04 1.4e-02 7.8e-03 5.1e-03] [1.6e-03 7.8e-03 3.2e-02 1.8e-02] [1.1e-03 5.1e-03 1.8e-02 6.8e-02]]\n",
      "            7.50e+01 | -1.85e+05  | 1.00e-08   | 1.37e-01   | [2.8e-01]            | [[6.0e-03 4.0e-04 1.4e-03 9.5e-04] [4.0e-04 1.3e-02 6.5e-03 4.3e-03] [1.4e-03 6.5e-03 2.8e-02 1.5e-02] [9.5e-04 4.3e-03 1.5e-02 6.6e-02]]\n",
      "            8.00e+01 | -1.85e+05  | 1.00e-08   | 1.37e-01   | [3.0e-01]            | [[5.6e-03 4.0e-04 1.4e-03 9.9e-04] [4.0e-04 1.3e-02 6.3e-03 4.5e-03] [1.4e-03 6.3e-03 2.7e-02 1.6e-02] [9.9e-04 4.5e-03 1.6e-02 6.6e-02]]\n",
      "            8.50e+01 | -1.85e+05  | 1.00e-08   | 1.37e-01   | [3.1e-01]            | [[5.6e-03 3.8e-04 1.3e-03 9.0e-04] [3.8e-04 1.3e-02 6.2e-03 4.2e-03] [1.3e-03 6.2e-03 2.7e-02 1.5e-02] [9.0e-04 4.2e-03 1.5e-02 6.1e-02]]\n",
      "            9.00e+01 | -1.85e+05  | 1.00e-08   | 1.38e-01   | [3.3e-01]            | [[5.2e-03 3.6e-04 1.2e-03 8.7e-04] [3.6e-04 1.2e-02 5.9e-03 4.1e-03] [1.2e-03 5.9e-03 2.5e-02 1.4e-02] [8.7e-04 4.1e-03 1.4e-02 5.8e-02]]\n",
      "            9.50e+01 | -1.85e+05  | 1.00e-08   | 1.38e-01   | [3.7e-01]            | [[4.5e-03 3.4e-04 1.2e-03 8.1e-04] [3.4e-04 1.0e-02 5.3e-03 3.6e-03] [1.2e-03 5.3e-03 2.3e-02 1.3e-02] [8.1e-04 3.6e-03 1.3e-02 5.0e-02]]\n",
      "            1.00e+02 | -1.85e+05  | 1.00e-08   | 1.38e-01   | [4.0e-01]            | [[4.5e-03 3.1e-04 1.1e-03 7.5e-04] [3.1e-04 9.4e-03 4.7e-03 3.2e-03] [1.1e-03 4.7e-03 2.1e-02 1.1e-02] [7.5e-04 3.2e-03 1.1e-02 4.9e-02]]\n",
      "            1.05e+02 | -1.85e+05  | 1.00e-08   | 1.38e-01   | [4.2e-01]            | [[4.0e-03 2.9e-04 1.0e-03 6.9e-04] [2.9e-04 9.3e-03 4.7e-03 3.2e-03] [1.0e-03 4.7e-03 2.0e-02 1.1e-02] [6.9e-04 3.2e-03 1.1e-02 4.5e-02]]\n",
      "            1.10e+02 | -1.85e+05  | 1.00e-08   | 1.38e-01   | [4.4e-01]            | [[4.0e-03 2.6e-04 9.4e-04 6.1e-04] [2.6e-04 8.9e-03 4.5e-03 2.9e-03] [9.4e-04 4.5e-03 1.9e-02 1.1e-02] [6.1e-04 2.9e-03 1.1e-02 4.4e-02]]\n",
      "            1.15e+02 | -1.85e+05  | 1.00e-08   | 1.38e-01   | [4.8e-01]            | [[3.7e-03 2.2e-04 8.9e-04 5.5e-04] [2.2e-04 8.5e-03 4.1e-03 2.6e-03] [8.9e-04 4.1e-03 1.7e-02 1.0e-02] [5.5e-04 2.6e-03 1.0e-02 4.0e-02]]\n",
      "            1.20e+02 | -1.85e+05  | 1.00e-08   | 1.38e-01   | [5.0e-01]            | [[3.4e-03 2.0e-04 8.0e-04 4.6e-04] [2.0e-04 7.9e-03 3.9e-03 2.3e-03] [8.0e-04 3.9e-03 1.7e-02 9.3e-03] [4.6e-04 2.3e-03 9.3e-03 3.9e-02]]\n",
      "            1.25e+02 | -1.85e+05  | 1.00e-08   | 1.37e-01   | [5.2e-01]            | [[3.4e-03 1.9e-04 7.6e-04 4.4e-04] [1.9e-04 7.6e-03 3.7e-03 2.2e-03] [7.6e-04 3.7e-03 1.6e-02 8.8e-03] [4.4e-04 2.2e-03 8.8e-03 3.6e-02]]\n",
      "            1.30e+02 | -1.85e+05  | 1.00e-08   | 1.37e-01   | [5.5e-01]            | [[3.2e-03 1.8e-04 7.3e-04 4.3e-04] [1.8e-04 7.2e-03 3.6e-03 2.1e-03] [7.3e-04 3.6e-03 1.5e-02 8.6e-03] [4.3e-04 2.1e-03 8.6e-03 3.4e-02]]\n",
      "            1.35e+02 | -1.85e+05  | 1.00e-08   | 1.37e-01   | [6.1e-01]            | [[2.8e-03 1.7e-04 6.6e-04 4.0e-04] [1.7e-04 6.3e-03 3.4e-03 2.0e-03] [6.6e-04 3.4e-03 1.4e-02 8.0e-03] [4.0e-04 2.0e-03 8.0e-03 3.0e-02]]\n",
      "            1.40e+02 | -1.85e+05  | 1.00e-08   | 1.37e-01   | [6.5e-01]            | [[2.6e-03 1.5e-04 6.1e-04 3.5e-04] [1.5e-04 5.9e-03 3.0e-03 1.8e-03] [6.1e-04 3.0e-03 1.3e-02 7.2e-03] [3.5e-04 1.8e-03 7.2e-03 3.0e-02]]\n",
      "            1.45e+02 | -1.85e+05  | 1.00e-08   | 1.37e-01   | [6.8e-01]            | [[2.6e-03 1.4e-04 5.8e-04 3.4e-04] [1.4e-04 5.7e-03 2.8e-03 1.6e-03] [5.8e-04 2.8e-03 1.2e-02 6.9e-03] [3.4e-04 1.6e-03 6.9e-03 2.8e-02]]\n",
      "            1.50e+02 | -1.85e+05  | 1.00e-08   | 1.37e-01   | [7.0e-01]            | [[2.4e-03 1.4e-04 5.6e-04 3.2e-04] [1.4e-04 5.5e-03 2.8e-03 1.6e-03] [5.6e-04 2.8e-03 1.2e-02 6.6e-03] [3.2e-04 1.6e-03 6.6e-03 2.7e-02]]\n",
      "            1.55e+02 | -1.85e+05  | 1.00e-08   | 1.37e-01   | [7.2e-01]            | [[2.4e-03 1.3e-04 5.5e-04 3.2e-04] [1.3e-04 5.4e-03 2.7e-03 1.6e-03] [5.5e-04 2.7e-03 1.1e-02 6.5e-03] [3.2e-04 1.6e-03 6.5e-03 2.6e-02]]\n",
      "            1.60e+02 | -1.85e+05  | 1.00e-08   | 1.37e-01   | [7.7e-01]            | [[2.4e-03 1.3e-04 5.2e-04 3.1e-04] [1.3e-04 5.0e-03 2.6e-03 1.5e-03] [5.2e-04 2.6e-03 1.1e-02 6.2e-03] [3.1e-04 1.5e-03 6.2e-03 2.5e-02]]\n",
      "            1.65e+02 | -1.85e+05  | 1.00e-08   | 1.37e-01   | [8.2e-01]            | [[2.2e-03 1.2e-04 4.8e-04 2.8e-04] [1.2e-04 4.8e-03 2.4e-03 1.4e-03] [4.8e-04 2.4e-03 1.0e-02 5.7e-03] [2.8e-04 1.4e-03 5.7e-03 2.4e-02]]\n",
      "            1.70e+02 | -1.85e+05  | 1.00e-08   | 1.37e-01   | [8.3e-01]            | [[2.0e-03 1.2e-04 4.8e-04 2.8e-04] [1.2e-04 4.6e-03 2.3e-03 1.3e-03] [4.8e-04 2.3e-03 9.9e-03 5.6e-03] [2.8e-04 1.3e-03 5.6e-03 2.3e-02]]\n",
      "            1.75e+02 | -1.85e+05  | 1.00e-08   | 1.37e-01   | [8.7e-01]            | [[2.0e-03 1.1e-04 4.6e-04 2.7e-04] [1.1e-04 4.4e-03 2.3e-03 1.3e-03] [4.6e-04 2.3e-03 9.6e-03 5.4e-03] [2.7e-04 1.3e-03 5.4e-03 2.2e-02]]\n",
      "            1.80e+02 | -1.85e+05  | 1.00e-08   | 1.37e-01   | [9.7e-01]            | [[1.8e-03 1.1e-04 4.2e-04 2.5e-04] [1.1e-04 4.0e-03 2.1e-03 1.2e-03] [4.2e-04 2.1e-03 8.7e-03 5.0e-03] [2.5e-04 1.2e-03 5.0e-03 2.0e-02]]\n",
      "            1.85e+02 | -1.85e+05  | 1.00e-08   | 1.37e-01   | [9.9e-01]            | [[1.7e-03 9.7e-05 4.0e-04 2.3e-04] [9.7e-05 3.9e-03 2.0e-03 1.1e-03] [4.0e-04 2.0e-03 8.3e-03 4.6e-03] [2.3e-04 1.1e-03 4.6e-03 1.9e-02]]\n",
      "            1.90e+02 | -1.85e+05  | 1.00e-08   | 1.37e-01   | [1.0e+00]            | [[1.7e-03 9.5e-05 3.9e-04 2.3e-04] [9.5e-05 3.8e-03 1.9e-03 1.1e-03] [3.9e-04 1.9e-03 8.1e-03 4.6e-03] [2.3e-04 1.1e-03 4.6e-03 1.9e-02]]\n",
      "            1.95e+02 | -1.85e+05  | 1.00e-08   | 1.37e-01   | [1.1e+00]            | [[1.6e-03 9.3e-05 3.7e-04 2.2e-04] [9.3e-05 3.7e-03 1.8e-03 1.1e-03] [3.7e-04 1.8e-03 7.6e-03 4.3e-03] [2.2e-04 1.1e-03 4.3e-03 1.7e-02]]\n",
      "            2.00e+02 | -1.85e+05  | 1.00e-08   | 1.37e-01   | [1.1e+00]            | [[1.5e-03 8.8e-05 3.6e-04 2.1e-04] [8.8e-05 3.5e-03 1.7e-03 9.9e-04] [3.6e-04 1.7e-03 7.3e-03 4.0e-03] [2.1e-04 9.9e-04 4.0e-03 1.7e-02]]\n",
      "            2.05e+02 | -1.85e+05  | 1.00e-08   | 1.37e-01   | [1.1e+00]            | [[1.5e-03 8.5e-05 3.5e-04 2.0e-04] [8.5e-05 3.3e-03 1.7e-03 1.0e-03] [3.5e-04 1.7e-03 7.2e-03 4.1e-03] [2.0e-04 1.0e-03 4.1e-03 1.7e-02]]\n",
      "            2.10e+02 | -1.85e+05  | 1.00e-08   | 1.37e-01   | [1.2e+00]            | [[1.5e-03 8.4e-05 3.4e-04 2.0e-04] [8.4e-05 3.3e-03 1.7e-03 9.9e-04] [3.4e-04 1.7e-03 7.1e-03 4.0e-03] [2.0e-04 9.9e-04 4.0e-03 1.6e-02]]\n",
      "            2.15e+02 | -1.85e+05  | 1.00e-08   | 1.37e-01   | [1.2e+00]            | [[1.5e-03 8.3e-05 3.4e-04 2.0e-04] [8.3e-05 3.3e-03 1.7e-03 9.8e-04] [3.4e-04 1.7e-03 7.0e-03 4.0e-03] [2.0e-04 9.8e-04 4.0e-03 1.6e-02]]\n",
      "            2.20e+02 | -1.85e+05  | 1.00e-08   | 1.37e-01   | [1.2e+00]            | [[1.4e-03 8.2e-05 3.3e-04 2.0e-04] [8.2e-05 3.2e-03 1.6e-03 9.6e-04] [3.3e-04 1.6e-03 6.9e-03 3.9e-03] [2.0e-04 9.6e-04 3.9e-03 1.6e-02]]\n",
      "            2.25e+02 | -1.85e+05  | 1.00e-08   | 1.37e-01   | [1.2e+00]            | [[1.4e-03 8.1e-05 3.3e-04 1.9e-04] [8.1e-05 3.2e-03 1.6e-03 9.4e-04] [3.3e-04 1.6e-03 6.7e-03 3.8e-03] [1.9e-04 9.4e-04 3.8e-03 1.6e-02]]\n",
      "            2.30e+02 | -1.85e+05  | 1.00e-08   | 1.37e-01   | [1.2e+00]            | [[1.4e-03 7.8e-05 3.2e-04 1.9e-04] [7.8e-05 3.1e-03 1.6e-03 9.2e-04] [3.2e-04 1.6e-03 6.6e-03 3.7e-03] [1.9e-04 9.2e-04 3.7e-03 1.5e-02]]\n",
      "            2.35e+02 | -1.85e+05  | 1.00e-08   | 1.37e-01   | [1.3e+00]            | [[1.3e-03 7.5e-05 3.0e-04 1.8e-04] [7.5e-05 2.9e-03 1.5e-03 8.9e-04] [3.0e-04 1.5e-03 6.2e-03 3.6e-03] [1.8e-04 8.9e-04 3.6e-03 1.4e-02]]\n",
      "            2.40e+02 | -1.85e+05  | 1.00e-08   | 1.37e-01   | [1.4e+00]            | [[1.2e-03 7.2e-05 2.9e-04 1.7e-04] [7.2e-05 2.7e-03 1.4e-03 8.1e-04] [2.9e-04 1.4e-03 5.9e-03 3.3e-03] [1.7e-04 8.1e-04 3.3e-03 1.3e-02]]\n",
      "            2.45e+02 | -1.85e+05  | 1.00e-08   | 1.37e-01   | [1.5e+00]            | [[1.2e-03 6.9e-05 2.8e-04 1.6e-04] [6.9e-05 2.6e-03 1.3e-03 7.9e-04] [2.8e-04 1.3e-03 5.7e-03 3.2e-03] [1.6e-04 7.9e-04 3.2e-03 1.3e-02]]\n",
      "            2.50e+02 | -1.85e+05  | 1.00e-08   | 1.37e-01   | [1.5e+00]            | [[1.1e-03 6.7e-05 2.6e-04 1.6e-04] [6.7e-05 2.6e-03 1.3e-03 7.8e-04] [2.6e-04 1.3e-03 5.5e-03 3.1e-03] [1.6e-04 7.8e-04 3.1e-03 1.3e-02]]\n",
      "            2.55e+02 | -1.85e+05  | 1.00e-08   | 1.37e-01   | [1.5e+00]            | [[1.1e-03 6.5e-05 2.6e-04 1.6e-04] [6.5e-05 2.5e-03 1.3e-03 7.5e-04] [2.6e-04 1.3e-03 5.4e-03 3.0e-03] [1.6e-04 7.5e-04 3.0e-03 1.2e-02]]\n",
      "            2.60e+02 | -1.85e+05  | 1.00e-08   | 1.37e-01   | [1.6e+00]            | [[1.1e-03 6.4e-05 2.6e-04 1.5e-04] [6.4e-05 2.5e-03 1.3e-03 7.5e-04] [2.6e-04 1.3e-03 5.3e-03 3.0e-03] [1.5e-04 7.5e-04 3.0e-03 1.2e-02]]\n",
      "            2.65e+02 | -1.85e+05  | 1.00e-08   | 1.37e-01   | [1.6e+00]            | [[1.1e-03 6.3e-05 2.5e-04 1.5e-04] [6.3e-05 2.5e-03 1.2e-03 7.4e-04] [2.5e-04 1.2e-03 5.2e-03 2.9e-03] [1.5e-04 7.4e-04 2.9e-03 1.2e-02]]\n",
      "            2.70e+02 | -1.85e+05  | 1.00e-08   | 1.37e-01   | [1.6e+00]            | [[1.1e-03 6.1e-05 2.5e-04 1.5e-04] [6.1e-05 2.4e-03 1.2e-03 7.1e-04] [2.5e-04 1.2e-03 5.0e-03 2.9e-03] [1.5e-04 7.1e-04 2.9e-03 1.2e-02]]\n",
      "            2.75e+02 | -1.85e+05  | 1.00e-08   | 1.37e-01   | [1.7e+00]            | [[1.0e-03 6.0e-05 2.4e-04 1.4e-04] [6.0e-05 2.3e-03 1.2e-03 6.9e-04] [2.4e-04 1.2e-03 4.9e-03 2.8e-03] [1.4e-04 6.9e-04 2.8e-03 1.1e-02]]\n",
      "            2.80e+02 | -1.85e+05  | 1.00e-08   | 1.37e-01   | [1.7e+00]            | [[9.9e-04 5.8e-05 2.3e-04 1.4e-04] [5.8e-05 2.2e-03 1.1e-03 6.7e-04] [2.3e-04 1.1e-03 4.7e-03 2.6e-03] [1.4e-04 6.7e-04 2.6e-03 1.1e-02]]\n",
      "            2.85e+02 | -1.85e+05  | 1.00e-08   | 1.37e-01   | [1.8e+00]            | [[9.6e-04 5.7e-05 2.3e-04 1.4e-04] [5.7e-05 2.2e-03 1.1e-03 6.6e-04] [2.3e-04 1.1e-03 4.7e-03 2.6e-03] [1.4e-04 6.6e-04 2.6e-03 1.1e-02]]\n",
      "            2.90e+02 | -1.85e+05  | 1.00e-08   | 1.37e-01   | [1.8e+00]            | [[9.3e-04 5.5e-05 2.2e-04 1.3e-04] [5.5e-05 2.1e-03 1.1e-03 6.5e-04] [2.2e-04 1.1e-03 4.5e-03 2.5e-03] [1.3e-04 6.5e-04 2.5e-03 1.0e-02]]\n",
      "            2.95e+02 | -1.85e+05  | 1.00e-08   | 1.37e-01   | [1.9e+00]            | [[8.7e-04 5.3e-05 2.1e-04 1.3e-04] [5.3e-05 2.0e-03 1.0e-03 6.1e-04] [2.1e-04 1.0e-03 4.3e-03 2.4e-03] [1.3e-04 6.1e-04 2.4e-03 9.7e-03]]\n",
      "            3.00e+02 | -1.85e+05  | 1.00e-08   | 1.37e-01   | [2.0e+00]            | [[8.7e-04 5.1e-05 2.0e-04 1.2e-04] [5.1e-05 1.9e-03 9.7e-04 5.9e-04] [2.0e-04 9.7e-04 4.2e-03 2.3e-03] [1.2e-04 5.9e-04 2.3e-03 9.6e-03]]\n",
      "            3.05e+02 | -1.85e+05  | 1.00e-08   | 1.37e-01   | [2.0e+00]            | [[8.5e-04 5.0e-05 2.0e-04 1.2e-04] [5.0e-05 1.9e-03 9.5e-04 5.8e-04] [2.0e-04 9.5e-04 4.0e-03 2.3e-03] [1.2e-04 5.8e-04 2.3e-03 9.4e-03]]\n",
      "            3.10e+02 | -1.85e+05  | 1.00e-08   | 1.37e-01   | [2.1e+00]            | [[8.0e-04 4.9e-05 1.9e-04 1.2e-04] [4.9e-05 1.8e-03 9.2e-04 5.7e-04] [1.9e-04 9.2e-04 3.9e-03 2.2e-03] [1.2e-04 5.7e-04 2.2e-03 8.9e-03]]\n",
      "            3.15e+02 | -1.85e+05  | 1.00e-08   | 1.37e-01   | [2.2e+00]            | [[7.9e-04 4.7e-05 1.8e-04 1.1e-04] [4.7e-05 1.8e-03 8.8e-04 5.5e-04] [1.8e-04 8.8e-04 3.7e-03 2.1e-03] [1.1e-04 5.5e-04 2.1e-03 8.8e-03]]\n",
      "            3.20e+02 | -1.85e+05  | 1.00e-08   | 1.37e-01   | [2.2e+00]            | [[7.7e-04 4.6e-05 1.8e-04 1.1e-04] [4.6e-05 1.7e-03 8.8e-04 5.4e-04] [1.8e-04 8.8e-04 3.7e-03 2.1e-03] [1.1e-04 5.4e-04 2.1e-03 8.5e-03]]\n",
      "            3.25e+02 | -1.85e+05  | 1.00e-08   | 1.37e-01   | [2.3e+00]            | [[7.6e-04 4.5e-05 1.8e-04 1.1e-04] [4.5e-05 1.7e-03 8.6e-04 5.2e-04] [1.8e-04 8.6e-04 3.6e-03 2.1e-03] [1.1e-04 5.2e-04 2.1e-03 8.4e-03]]\n",
      "            3.30e+02 | -1.85e+05  | 1.00e-08   | 1.37e-01   | [2.3e+00]            | [[7.5e-04 4.5e-05 1.8e-04 1.1e-04] [4.5e-05 1.7e-03 8.4e-04 5.2e-04] [1.8e-04 8.4e-04 3.6e-03 2.0e-03] [1.1e-04 5.2e-04 2.0e-03 8.2e-03]]\n",
      "            3.35e+02 | -1.85e+05  | 1.00e-08   | 1.37e-01   | [2.4e+00]            | [[7.3e-04 4.4e-05 1.7e-04 1.0e-04] [4.4e-05 1.6e-03 8.2e-04 5.1e-04] [1.7e-04 8.2e-04 3.5e-03 2.0e-03] [1.0e-04 5.1e-04 2.0e-03 8.0e-03]]\n",
      "            3.40e+02 | -1.85e+05  | 1.00e-08   | 1.37e-01   | [2.5e+00]            | [[6.8e-04 4.2e-05 1.6e-04 1.0e-04] [4.2e-05 1.5e-03 7.9e-04 4.8e-04] [1.6e-04 7.9e-04 3.4e-03 1.9e-03] [1.0e-04 4.8e-04 1.9e-03 7.5e-03]]\n",
      "            3.45e+02 | -1.85e+05  | 1.00e-08   | 1.37e-01   | [2.6e+00]            | [[6.7e-04 4.0e-05 1.5e-04 9.6e-05] [4.0e-05 1.5e-03 7.5e-04 4.7e-04] [1.5e-04 7.5e-04 3.2e-03 1.8e-03] [9.6e-05 4.7e-04 1.8e-03 7.4e-03]]\n",
      "            3.50e+02 | -1.85e+05  | 1.00e-08   | 1.37e-01   | [2.6e+00]            | [[6.5e-04 4.0e-05 1.5e-04 9.5e-05] [4.0e-05 1.5e-03 7.4e-04 4.6e-04] [1.5e-04 7.4e-04 3.2e-03 1.8e-03] [9.5e-05 4.6e-04 1.8e-03 7.2e-03]]\n",
      "            3.55e+02 | -1.85e+05  | 1.00e-08   | 1.37e-01   | [2.7e+00]            | [[6.4e-04 3.9e-05 1.5e-04 9.3e-05] [3.9e-05 1.4e-03 7.2e-04 4.5e-04] [1.5e-04 7.2e-04 3.1e-03 1.7e-03] [9.3e-05 4.5e-04 1.7e-03 7.1e-03]]\n",
      "            3.60e+02 | -1.85e+05  | 1.00e-08   | 1.37e-01   | [2.7e+00]            | [[6.4e-04 3.8e-05 1.5e-04 9.0e-05] [3.8e-05 1.4e-03 7.0e-04 4.3e-04] [1.5e-04 7.0e-04 3.0e-03 1.7e-03] [9.0e-05 4.3e-04 1.7e-03 6.9e-03]]\n",
      "            3.65e+02 | -1.85e+05  | 1.00e-08   | 1.37e-01   | [2.8e+00]            | [[6.1e-04 3.7e-05 1.4e-04 9.0e-05] [3.7e-05 1.4e-03 6.8e-04 4.3e-04] [1.4e-04 6.8e-04 2.9e-03 1.7e-03] [9.0e-05 4.3e-04 1.7e-03 6.8e-03]]\n",
      "            3.70e+02 | -1.85e+05  | 1.00e-08   | 1.37e-01   | [2.9e+00]            | [[5.9e-04 3.7e-05 1.4e-04 8.8e-05] [3.7e-05 1.3e-03 6.8e-04 4.2e-04] [1.4e-04 6.8e-04 2.9e-03 1.6e-03] [8.8e-05 4.2e-04 1.6e-03 6.6e-03]]\n",
      "            3.75e+02 | -1.85e+05  | 1.00e-08   | 1.37e-01   | [2.9e+00]            | [[5.9e-04 3.6e-05 1.4e-04 8.6e-05] [3.6e-05 1.3e-03 6.6e-04 4.1e-04] [1.4e-04 6.6e-04 2.8e-03 1.6e-03] [8.6e-05 4.1e-04 1.6e-03 6.5e-03]]\n",
      "            3.80e+02 | -1.85e+05  | 1.00e-08   | 1.37e-01   | [3.0e+00]            | [[5.8e-04 3.5e-05 1.3e-04 8.4e-05] [3.5e-05 1.3e-03 6.3e-04 4.0e-04] [1.3e-04 6.3e-04 2.7e-03 1.5e-03] [8.4e-05 4.0e-04 1.5e-03 6.2e-03]]\n",
      "            3.85e+02 | -1.85e+05  | 1.00e-08   | 1.37e-01   | [3.1e+00]            | [[5.5e-04 3.4e-05 1.3e-04 8.2e-05] [3.4e-05 1.2e-03 6.2e-04 3.9e-04] [1.3e-04 6.2e-04 2.7e-03 1.5e-03] [8.2e-05 3.9e-04 1.5e-03 6.2e-03]]\n",
      "            3.90e+02 | -1.85e+05  | 1.00e-08   | 1.37e-01   | [3.2e+00]            | [[5.4e-04 3.4e-05 1.3e-04 8.1e-05] [3.4e-05 1.2e-03 6.1e-04 3.8e-04] [1.3e-04 6.1e-04 2.6e-03 1.5e-03] [8.1e-05 3.8e-04 1.5e-03 5.9e-03]]\n",
      "            3.95e+02 | -1.85e+05  | 1.00e-08   | 1.37e-01   | [3.3e+00]            | [[5.3e-04 3.2e-05 1.2e-04 7.9e-05] [3.2e-05 1.2e-03 5.9e-04 3.8e-04] [1.2e-04 5.9e-04 2.5e-03 1.4e-03] [7.9e-05 3.8e-04 1.4e-03 5.8e-03]]\n",
      "            4.00e+02 | -1.85e+05  | 1.00e-08   | 1.37e-01   | [3.4e+00]            | [[5.1e-04 3.1e-05 1.2e-04 7.7e-05] [3.1e-05 1.1e-03 5.6e-04 3.6e-04] [1.2e-04 5.6e-04 2.4e-03 1.4e-03] [7.7e-05 3.6e-04 1.4e-03 5.6e-03]]\n",
      "            4.05e+02 | -1.85e+05  | 1.00e-08   | 1.36e-01   | [3.5e+00]            | [[4.8e-04 3.1e-05 1.2e-04 7.4e-05] [3.1e-05 1.1e-03 5.5e-04 3.5e-04] [1.2e-04 5.5e-04 2.4e-03 1.3e-03] [7.4e-05 3.5e-04 1.3e-03 5.4e-03]]\n",
      "            4.10e+02 | -1.85e+05  | 1.00e-08   | 1.36e-01   | [3.6e+00]            | [[4.8e-04 3.0e-05 1.1e-04 7.3e-05] [3.0e-05 1.1e-03 5.4e-04 3.5e-04] [1.1e-04 5.4e-04 2.3e-03 1.3e-03] [7.3e-05 3.5e-04 1.3e-03 5.4e-03]]\n",
      "            4.15e+02 | -1.85e+05  | 1.00e-08   | 1.36e-01   | [3.7e+00]            | [[4.7e-04 3.0e-05 1.1e-04 7.2e-05] [3.0e-05 1.1e-03 5.3e-04 3.4e-04] [1.1e-04 5.3e-04 2.3e-03 1.3e-03] [7.2e-05 3.4e-04 1.3e-03 5.3e-03]]\n",
      "            4.20e+02 | -1.85e+05  | 1.00e-08   | 1.35e-01   | [3.8e+00]            | [[4.6e-04 2.9e-05 1.1e-04 7.0e-05] [2.9e-05 1.0e-03 5.2e-04 3.3e-04] [1.1e-04 5.2e-04 2.2e-03 1.2e-03] [7.0e-05 3.3e-04 1.2e-03 5.1e-03]]\n",
      "            4.25e+02 | -1.85e+05  | 1.00e-08   | 1.35e-01   | [4.0e+00]            | [[4.4e-04 2.8e-05 1.1e-04 6.9e-05] [2.8e-05 9.8e-04 5.0e-04 3.2e-04] [1.1e-04 5.0e-04 2.1e-03 1.2e-03] [6.9e-05 3.2e-04 1.2e-03 4.9e-03]]\n",
      "            4.30e+02 | -1.85e+05  | 1.00e-08   | 1.34e-01   | [4.1e+00]            | [[4.4e-04 2.7e-05 1.0e-04 6.7e-05] [2.7e-05 9.7e-04 4.8e-04 3.1e-04] [1.0e-04 4.8e-04 2.1e-03 1.2e-03] [6.7e-05 3.1e-04 1.2e-03 4.7e-03]]\n",
      "            4.35e+02 | -1.85e+05  | 1.00e-08   | 1.33e-01   | [4.2e+00]            | [[4.2e-04 2.6e-05 9.8e-05 6.4e-05] [2.6e-05 9.4e-04 4.6e-04 3.0e-04] [9.8e-05 4.6e-04 2.0e-03 1.1e-03] [6.4e-05 3.0e-04 1.1e-03 4.7e-03]]\n",
      "            4.40e+02 | -1.85e+05  | 1.00e-08   | 1.31e-01   | [4.4e+00]            | [[4.1e-04 2.7e-05 9.8e-05 6.4e-05] [2.7e-05 9.3e-04 4.6e-04 3.0e-04] [9.8e-05 4.6e-04 2.0e-03 1.1e-03] [6.4e-05 3.0e-04 1.1e-03 4.5e-03]]\n",
      "            4.45e+02 | -1.85e+05  | 1.00e-08   | 1.29e-01   | [4.5e+00]            | [[4.0e-04 2.6e-05 9.7e-05 6.4e-05] [2.6e-05 9.1e-04 4.6e-04 3.0e-04] [9.7e-05 4.6e-04 2.0e-03 1.1e-03] [6.4e-05 3.0e-04 1.1e-03 4.5e-03]]\n",
      "            4.50e+02 | -1.85e+05  | 1.00e-08   | 1.22e-01   | [4.8e+00]            | [[4.0e-04 2.6e-05 9.6e-05 6.3e-05] [2.6e-05 9.1e-04 4.5e-04 2.9e-04] [9.6e-05 4.5e-04 1.9e-03 1.1e-03] [6.3e-05 2.9e-04 1.1e-03 4.5e-03]]\n",
      "            4.55e+02 | -1.85e+05  | 1.00e-08   | 1.20e-01   | [4.9e+00]            | [[4.0e-04 2.6e-05 9.6e-05 6.3e-05] [2.6e-05 9.0e-04 4.5e-04 2.9e-04] [9.6e-05 4.5e-04 1.9e-03 1.1e-03] [6.3e-05 2.9e-04 1.1e-03 4.5e-03]]\n",
      "            4.60e+02 | -1.85e+05  | 1.00e-08   | 1.19e-01   | [4.9e+00]            | [[4.0e-04 2.6e-05 9.5e-05 6.3e-05] [2.6e-05 9.0e-04 4.5e-04 2.9e-04] [9.5e-05 4.5e-04 1.9e-03 1.1e-03] [6.3e-05 2.9e-04 1.1e-03 4.5e-03]]\n",
      "            4.65e+02 | -1.85e+05  | 1.00e-08   | 1.18e-01   | [4.9e+00]            | [[4.0e-04 2.6e-05 9.5e-05 6.3e-05] [2.6e-05 9.0e-04 4.5e-04 2.9e-04] [9.5e-05 4.5e-04 1.9e-03 1.1e-03] [6.3e-05 2.9e-04 1.1e-03 4.4e-03]]\n",
      "            4.70e+02 | -1.85e+05  | 1.00e-08   | 1.18e-01   | [5.0e+00]            | [[4.0e-04 2.6e-05 9.5e-05 6.3e-05] [2.6e-05 9.0e-04 4.4e-04 2.9e-04] [9.5e-05 4.4e-04 1.9e-03 1.1e-03] [6.3e-05 2.9e-04 1.1e-03 4.4e-03]]\n",
      "            4.75e+02 | -1.86e+05  | 1.00e-08   | 1.17e-01   | [5.1e+00]            | [[3.9e-04 2.6e-05 9.4e-05 6.2e-05] [2.6e-05 8.9e-04 4.4e-04 2.9e-04] [9.4e-05 4.4e-04 1.9e-03 1.1e-03] [6.2e-05 2.9e-04 1.1e-03 4.3e-03]]\n",
      "            4.80e+02 | -1.86e+05  | 1.00e-08   | 1.15e-01   | [5.2e+00]            | [[3.9e-04 2.5e-05 9.3e-05 6.2e-05] [2.5e-05 8.8e-04 4.4e-04 2.9e-04] [9.3e-05 4.4e-04 1.9e-03 1.1e-03] [6.2e-05 2.9e-04 1.1e-03 4.3e-03]]\n",
      "            4.85e+02 | -1.86e+05  | 1.00e-08   | 1.13e-01   | [5.4e+00]            | [[3.9e-04 2.5e-05 9.1e-05 6.1e-05] [2.5e-05 8.7e-04 4.3e-04 2.9e-04] [9.1e-05 4.3e-04 1.8e-03 1.1e-03] [6.1e-05 2.9e-04 1.1e-03 4.3e-03]]\n",
      "            4.90e+02 | -1.86e+05  | 1.00e-08   | 1.08e-01   | [5.7e+00]            | [[3.8e-04 2.5e-05 9.1e-05 6.0e-05] [2.5e-05 8.5e-04 4.3e-04 2.8e-04] [9.1e-05 4.3e-04 1.8e-03 1.0e-03] [6.0e-05 2.8e-04 1.0e-03 4.2e-03]]\n",
      "            4.95e+02 | -1.86e+05  | 1.00e-08   | 9.62e-02   | [6.6e+00]            | [[3.7e-04 2.4e-05 9.0e-05 5.8e-05] [2.4e-05 8.4e-04 4.2e-04 2.7e-04] [9.0e-05 4.2e-04 1.8e-03 1.0e-03] [5.8e-05 2.7e-04 1.0e-03 4.1e-03]]\n",
      "            5.00e+02 | -1.86e+05  | 1.00e-08   | 9.35e-02   | [6.8e+00]            | [[3.7e-04 2.3e-05 8.8e-05 5.6e-05] [2.3e-05 8.4e-04 4.2e-04 2.7e-04] [8.8e-05 4.2e-04 1.8e-03 1.0e-03] [5.6e-05 2.7e-04 1.0e-03 4.1e-03]]\n",
      "            5.05e+02 | -1.86e+05  | 1.00e-08   | 9.36e-02   | [6.8e+00]            | [[3.7e-04 2.3e-05 8.8e-05 5.7e-05] [2.3e-05 8.4e-04 4.2e-04 2.7e-04] [8.8e-05 4.2e-04 1.8e-03 1.0e-03] [5.7e-05 2.7e-04 1.0e-03 4.1e-03]]\n",
      "            5.10e+02 | -1.86e+05  | 1.00e-08   | 9.24e-02   | [6.8e+00]            | [[3.7e-04 2.3e-05 8.8e-05 5.7e-05] [2.3e-05 8.3e-04 4.2e-04 2.7e-04] [8.8e-05 4.2e-04 1.8e-03 1.0e-03] [5.7e-05 2.7e-04 1.0e-03 4.1e-03]]\n",
      "            5.15e+02 | -1.86e+05  | 1.00e-08   | 9.04e-02   | [7.0e+00]            | [[3.7e-04 2.3e-05 8.8e-05 5.6e-05] [2.3e-05 8.3e-04 4.2e-04 2.7e-04] [8.8e-05 4.2e-04 1.8e-03 1.0e-03] [5.6e-05 2.7e-04 1.0e-03 4.1e-03]]\n",
      "            5.20e+02 | -1.86e+05  | 1.00e-08   | 8.54e-02   | [7.5e+00]            | [[3.7e-04 2.3e-05 8.6e-05 5.5e-05] [2.3e-05 8.2e-04 4.1e-04 2.6e-04] [8.6e-05 4.1e-04 1.8e-03 1.0e-03] [5.5e-05 2.6e-04 1.0e-03 4.1e-03]]\n",
      "            5.25e+02 | -1.86e+05  | 1.00e-08   | 8.09e-02   | [8.2e+00]            | [[3.6e-04 2.2e-05 8.5e-05 5.4e-05] [2.2e-05 8.2e-04 4.1e-04 2.6e-04] [8.5e-05 4.1e-04 1.7e-03 9.9e-04] [5.4e-05 2.6e-04 9.9e-04 4.0e-03]]\n",
      "            5.30e+02 | -1.86e+05  | 1.00e-08   | 7.94e-02   | [8.2e+00]            | [[3.6e-04 2.2e-05 8.4e-05 5.3e-05] [2.2e-05 8.1e-04 4.0e-04 2.5e-04] [8.4e-05 4.0e-04 1.7e-03 9.8e-04] [5.3e-05 2.5e-04 9.8e-04 4.0e-03]]\n",
      "            5.35e+02 | -1.86e+05  | 1.00e-08   | 7.80e-02   | [8.5e+00]            | [[3.6e-04 2.2e-05 8.5e-05 5.3e-05] [2.2e-05 8.0e-04 4.0e-04 2.5e-04] [8.5e-05 4.0e-04 1.7e-03 9.7e-04] [5.3e-05 2.5e-04 9.7e-04 3.9e-03]]\n",
      "            5.40e+02 | -1.86e+05  | 1.00e-08   | 7.56e-02   | [8.8e+00]            | [[3.5e-04 2.2e-05 8.4e-05 5.3e-05] [2.2e-05 8.0e-04 4.0e-04 2.5e-04] [8.4e-05 4.0e-04 1.7e-03 9.6e-04] [5.3e-05 2.5e-04 9.6e-04 3.9e-03]]\n",
      "            5.45e+02 | -1.86e+05  | 1.00e-08   | 7.15e-02   | [9.3e+00]            | [[3.5e-04 2.2e-05 8.3e-05 5.2e-05] [2.2e-05 7.9e-04 4.0e-04 2.5e-04] [8.3e-05 4.0e-04 1.7e-03 9.5e-04] [5.2e-05 2.5e-04 9.5e-04 3.9e-03]]\n",
      "            5.50e+02 | -1.86e+05  | 1.00e-08   | 7.10e-02   | [9.4e+00]            | [[3.5e-04 2.1e-05 8.2e-05 5.2e-05] [2.1e-05 7.9e-04 3.9e-04 2.5e-04] [8.2e-05 3.9e-04 1.7e-03 9.5e-04] [5.2e-05 2.5e-04 9.5e-04 3.9e-03]]\n",
      "            5.55e+02 | -1.86e+05  | 1.00e-08   | 7.09e-02   | [9.5e+00]            | [[3.5e-04 2.1e-05 8.2e-05 5.1e-05] [2.1e-05 7.9e-04 3.9e-04 2.5e-04] [8.2e-05 3.9e-04 1.7e-03 9.5e-04] [5.1e-05 2.5e-04 9.5e-04 3.9e-03]]\n",
      "            5.60e+02 | -1.86e+05  | 1.00e-08   | 6.97e-02   | [9.7e+00]            | [[3.5e-04 2.1e-05 8.2e-05 5.1e-05] [2.1e-05 7.8e-04 3.9e-04 2.4e-04] [8.2e-05 3.9e-04 1.7e-03 9.4e-04] [5.1e-05 2.4e-04 9.4e-04 3.8e-03]]\n",
      "            5.65e+02 | -1.86e+05  | 1.00e-08   | 6.76e-02   | [1.0e+01]            | [[3.4e-04 2.1e-05 8.0e-05 5.0e-05] [2.1e-05 7.7e-04 3.9e-04 2.4e-04] [8.0e-05 3.9e-04 1.6e-03 9.3e-04] [5.0e-05 2.4e-04 9.3e-04 3.8e-03]]\n",
      "            5.70e+02 | -1.86e+05  | 1.00e-08   | 6.51e-02   | [1.1e+01]            | [[3.4e-04 2.0e-05 7.9e-05 4.9e-05] [2.0e-05 7.6e-04 3.8e-04 2.4e-04] [7.9e-05 3.8e-04 1.6e-03 9.1e-04] [4.9e-05 2.4e-04 9.1e-04 3.7e-03]]\n",
      "            5.75e+02 | -1.86e+05  | 1.00e-08   | 6.28e-02   | [1.1e+01]            | [[3.3e-04 2.0e-05 7.8e-05 4.9e-05] [2.0e-05 7.4e-04 3.7e-04 2.3e-04] [7.8e-05 3.7e-04 1.6e-03 9.0e-04] [4.9e-05 2.3e-04 9.0e-04 3.7e-03]]\n",
      "            5.80e+02 | -1.86e+05  | 1.00e-08   | 5.99e-02   | [1.2e+01]            | [[3.2e-04 2.0e-05 7.6e-05 4.9e-05] [2.0e-05 7.3e-04 3.6e-04 2.3e-04] [7.6e-05 3.6e-04 1.5e-03 8.8e-04] [4.9e-05 2.3e-04 8.8e-04 3.6e-03]]\n",
      "            5.85e+02 | -1.86e+05  | 1.00e-08   | 5.59e-02   | [1.3e+01]            | [[3.2e-04 1.9e-05 7.5e-05 4.7e-05] [1.9e-05 7.1e-04 3.6e-04 2.2e-04] [7.5e-05 3.6e-04 1.5e-03 8.6e-04] [4.7e-05 2.2e-04 8.6e-04 3.5e-03]]\n",
      "            5.90e+02 | -1.86e+05  | 1.00e-08   | 5.22e-02   | [1.5e+01]            | [[3.1e-04 1.9e-05 7.5e-05 4.7e-05] [1.9e-05 7.0e-04 3.5e-04 2.2e-04] [7.5e-05 3.5e-04 1.5e-03 8.5e-04] [4.7e-05 2.2e-04 8.5e-04 3.5e-03]]\n",
      "            5.95e+02 | -1.86e+05  | 1.00e-08   | 5.10e-02   | [1.5e+01]            | [[3.1e-04 1.9e-05 7.3e-05 4.6e-05] [1.9e-05 7.0e-04 3.5e-04 2.2e-04] [7.3e-05 3.5e-04 1.5e-03 8.5e-04] [4.6e-05 2.2e-04 8.5e-04 3.5e-03]]\n",
      "            6.00e+02 | -1.86e+05  | 1.00e-08   | 5.04e-02   | [1.5e+01]            | [[3.1e-04 1.9e-05 7.2e-05 4.6e-05] [1.9e-05 7.0e-04 3.5e-04 2.2e-04] [7.2e-05 3.5e-04 1.5e-03 8.4e-04] [4.6e-05 2.2e-04 8.4e-04 3.4e-03]]\n",
      "            6.05e+02 | -1.86e+05  | 1.00e-08   | 4.84e-02   | [1.6e+01]            | [[3.1e-04 1.9e-05 7.2e-05 4.6e-05] [1.9e-05 6.9e-04 3.4e-04 2.2e-04] [7.2e-05 3.4e-04 1.5e-03 8.3e-04] [4.6e-05 2.2e-04 8.3e-04 3.4e-03]]\n",
      "            6.10e+02 | -1.86e+05  | 1.00e-08   | 4.79e-02   | [1.7e+01]            | [[3.0e-04 1.8e-05 7.0e-05 4.5e-05] [1.8e-05 6.7e-04 3.3e-04 2.1e-04] [7.0e-05 3.3e-04 1.4e-03 8.1e-04] [4.5e-05 2.1e-04 8.1e-04 3.3e-03]]\n",
      "            6.15e+02 | -1.86e+05  | 1.00e-08   | 4.72e-02   | [1.7e+01]            | [[2.9e-04 1.8e-05 6.9e-05 4.4e-05] [1.8e-05 6.6e-04 3.3e-04 2.1e-04] [6.9e-05 3.3e-04 1.4e-03 7.9e-04] [4.4e-05 2.1e-04 7.9e-04 3.2e-03]]\n",
      "            6.20e+02 | -1.86e+05  | 1.00e-08   | 4.61e-02   | [1.8e+01]            | [[2.9e-04 1.8e-05 6.8e-05 4.3e-05] [1.8e-05 6.5e-04 3.2e-04 2.1e-04] [6.8e-05 3.2e-04 1.4e-03 7.8e-04] [4.3e-05 2.1e-04 7.8e-04 3.2e-03]]\n",
      "            6.25e+02 | -1.86e+05  | 1.00e-08   | 4.33e-02   | [1.9e+01]            | [[2.9e-04 1.8e-05 6.7e-05 4.3e-05] [1.8e-05 6.4e-04 3.2e-04 2.0e-04] [6.7e-05 3.2e-04 1.4e-03 7.7e-04] [4.3e-05 2.0e-04 7.7e-04 3.2e-03]]\n",
      "            6.30e+02 | -1.86e+05  | 1.00e-08   | 4.26e-02   | [1.9e+01]            | [[2.8e-04 1.8e-05 6.7e-05 4.3e-05] [1.8e-05 6.4e-04 3.2e-04 2.0e-04] [6.7e-05 3.2e-04 1.4e-03 7.7e-04] [4.3e-05 2.0e-04 7.7e-04 3.2e-03]]\n",
      "            6.35e+02 | -1.86e+05  | 1.00e-08   | 4.24e-02   | [2.0e+01]            | [[2.8e-04 1.8e-05 6.7e-05 4.3e-05] [1.8e-05 6.4e-04 3.2e-04 2.0e-04] [6.7e-05 3.2e-04 1.4e-03 7.7e-04] [4.3e-05 2.0e-04 7.7e-04 3.1e-03]]\n",
      "            6.40e+02 | -1.86e+05  | 1.00e-08   | 4.18e-02   | [2.0e+01]            | [[2.8e-04 1.8e-05 6.7e-05 4.3e-05] [1.8e-05 6.4e-04 3.2e-04 2.0e-04] [6.7e-05 3.2e-04 1.4e-03 7.7e-04] [4.3e-05 2.0e-04 7.7e-04 3.1e-03]]\n",
      "            6.45e+02 | -1.86e+05  | 1.00e-08   | 4.13e-02   | [2.0e+01]            | [[2.8e-04 1.8e-05 6.7e-05 4.3e-05] [1.8e-05 6.4e-04 3.2e-04 2.0e-04] [6.7e-05 3.2e-04 1.4e-03 7.7e-04] [4.3e-05 2.0e-04 7.7e-04 3.1e-03]]\n",
      "            6.50e+02 | -1.86e+05  | 1.00e-08   | 4.07e-02   | [2.1e+01]            | [[2.8e-04 1.8e-05 6.7e-05 4.3e-05] [1.8e-05 6.3e-04 3.2e-04 2.0e-04] [6.7e-05 3.2e-04 1.4e-03 7.7e-04] [4.3e-05 2.0e-04 7.7e-04 3.1e-03]]\n",
      "            6.55e+02 | -1.86e+05  | 1.00e-08   | 4.06e-02   | [2.1e+01]            | [[2.8e-04 1.7e-05 6.6e-05 4.2e-05] [1.7e-05 6.3e-04 3.2e-04 2.0e-04] [6.6e-05 3.2e-04 1.4e-03 7.6e-04] [4.2e-05 2.0e-04 7.6e-04 3.1e-03]]\n",
      "            6.60e+02 | -1.86e+05  | 1.00e-08   | 4.03e-02   | [2.1e+01]            | [[2.8e-04 1.7e-05 6.6e-05 4.2e-05] [1.7e-05 6.3e-04 3.1e-04 2.0e-04] [6.6e-05 3.1e-04 1.3e-03 7.6e-04] [4.2e-05 2.0e-04 7.6e-04 3.1e-03]]\n",
      "            6.65e+02 | -1.86e+05  | 1.00e-08   | 3.95e-02   | [2.1e+01]            | [[2.8e-04 1.7e-05 6.5e-05 4.2e-05] [1.7e-05 6.2e-04 3.1e-04 2.0e-04] [6.5e-05 3.1e-04 1.3e-03 7.5e-04] [4.2e-05 2.0e-04 7.5e-04 3.1e-03]]\n",
      "            6.70e+02 | -1.86e+05  | 1.00e-08   | 3.77e-02   | [2.3e+01]            | [[2.7e-04 1.7e-05 6.5e-05 4.2e-05] [1.7e-05 6.2e-04 3.1e-04 2.0e-04] [6.5e-05 3.1e-04 1.3e-03 7.5e-04] [4.2e-05 2.0e-04 7.5e-04 3.0e-03]]\n",
      "            6.75e+02 | -1.86e+05  | 1.00e-08   | 3.59e-02   | [2.4e+01]            | [[2.7e-04 1.7e-05 6.5e-05 4.1e-05] [1.7e-05 6.1e-04 3.1e-04 2.0e-04] [6.5e-05 3.1e-04 1.3e-03 7.4e-04] [4.1e-05 2.0e-04 7.4e-04 3.0e-03]]\n",
      "            6.80e+02 | -1.86e+05  | 1.00e-08   | 3.54e-02   | [2.4e+01]            | [[2.7e-04 1.7e-05 6.4e-05 4.1e-05] [1.7e-05 6.1e-04 3.0e-04 2.0e-04] [6.4e-05 3.0e-04 1.3e-03 7.4e-04] [4.1e-05 2.0e-04 7.4e-04 3.0e-03]]\n",
      "            6.85e+02 | -1.86e+05  | 1.00e-08   | 3.43e-02   | [2.5e+01]            | [[2.7e-04 1.7e-05 6.4e-05 4.1e-05] [1.7e-05 6.1e-04 3.0e-04 1.9e-04] [6.4e-05 3.0e-04 1.3e-03 7.3e-04] [4.1e-05 1.9e-04 7.3e-04 3.0e-03]]\n",
      "            6.90e+02 | -1.86e+05  | 1.00e-08   | 3.17e-02   | [2.7e+01]            | [[2.7e-04 1.7e-05 6.3e-05 4.0e-05] [1.7e-05 6.0e-04 3.0e-04 1.9e-04] [6.3e-05 3.0e-04 1.3e-03 7.2e-04] [4.0e-05 1.9e-04 7.2e-04 3.0e-03]]\n",
      "            6.95e+02 | -1.86e+05  | 1.00e-08   | 3.17e-02   | [2.8e+01]            | [[2.7e-04 1.7e-05 6.3e-05 4.0e-05] [1.7e-05 6.0e-04 3.0e-04 1.9e-04] [6.3e-05 3.0e-04 1.3e-03 7.2e-04] [4.0e-05 1.9e-04 7.2e-04 3.0e-03]]\n",
      "            7.00e+02 | -1.86e+05  | 1.00e-08   | 3.17e-02   | [2.8e+01]            | [[2.7e-04 1.7e-05 6.3e-05 4.0e-05] [1.7e-05 6.0e-04 3.0e-04 1.9e-04] [6.3e-05 3.0e-04 1.3e-03 7.2e-04] [4.0e-05 1.9e-04 7.2e-04 3.0e-03]]\n",
      "            7.05e+02 | -1.86e+05  | 1.00e-08   | 3.12e-02   | [2.8e+01]            | [[2.7e-04 1.7e-05 6.3e-05 4.0e-05] [1.7e-05 6.0e-04 3.0e-04 1.9e-04] [6.3e-05 3.0e-04 1.3e-03 7.2e-04] [4.0e-05 1.9e-04 7.2e-04 2.9e-03]]\n",
      "            7.10e+02 | -1.86e+05  | 1.00e-08   | 3.11e-02   | [2.9e+01]            | [[2.7e-04 1.7e-05 6.3e-05 4.0e-05] [1.7e-05 6.0e-04 3.0e-04 1.9e-04] [6.3e-05 3.0e-04 1.3e-03 7.2e-04] [4.0e-05 1.9e-04 7.2e-04 2.9e-03]]\n",
      "            7.15e+02 | -1.86e+05  | 1.00e-08   | 3.09e-02   | [2.9e+01]            | [[2.6e-04 1.7e-05 6.3e-05 4.0e-05] [1.7e-05 6.0e-04 3.0e-04 1.9e-04] [6.3e-05 3.0e-04 1.3e-03 7.2e-04] [4.0e-05 1.9e-04 7.2e-04 2.9e-03]]\n",
      "            7.20e+02 | -1.86e+05  | 1.00e-08   | 3.08e-02   | [2.9e+01]            | [[2.6e-04 1.7e-05 6.3e-05 4.0e-05] [1.7e-05 6.0e-04 3.0e-04 1.9e-04] [6.3e-05 3.0e-04 1.3e-03 7.2e-04] [4.0e-05 1.9e-04 7.2e-04 2.9e-03]]\n",
      "            7.25e+02 | -1.86e+05  | 1.00e-08   | 3.05e-02   | [2.9e+01]            | [[2.6e-04 1.6e-05 6.2e-05 4.0e-05] [1.6e-05 5.9e-04 2.9e-04 1.9e-04] [6.2e-05 2.9e-04 1.3e-03 7.1e-04] [4.0e-05 1.9e-04 7.1e-04 2.9e-03]]\n",
      "            7.30e+02 | -1.86e+05  | 1.00e-08   | 2.98e-02   | [3.0e+01]            | [[2.6e-04 1.6e-05 6.1e-05 4.0e-05] [1.6e-05 5.9e-04 2.9e-04 1.9e-04] [6.1e-05 2.9e-04 1.2e-03 7.1e-04] [4.0e-05 1.9e-04 7.1e-04 2.9e-03]]\n",
      "            7.35e+02 | -1.86e+05  | 1.00e-08   | 2.80e-02   | [3.3e+01]            | [[2.6e-04 1.6e-05 6.1e-05 3.9e-05] [1.6e-05 5.8e-04 2.9e-04 1.9e-04] [6.1e-05 2.9e-04 1.2e-03 7.0e-04] [3.9e-05 1.9e-04 7.0e-04 2.9e-03]]\n",
      "            7.40e+02 | -1.86e+05  | 1.00e-08   | 2.72e-02   | [3.4e+01]            | [[2.5e-04 1.6e-05 6.1e-05 3.9e-05] [1.6e-05 5.7e-04 2.9e-04 1.9e-04] [6.1e-05 2.9e-04 1.2e-03 7.0e-04] [3.9e-05 1.9e-04 7.0e-04 2.8e-03]]\n",
      "            7.45e+02 | -1.86e+05  | 1.00e-08   | 2.66e-02   | [3.5e+01]            | [[2.5e-04 1.6e-05 6.0e-05 3.9e-05] [1.6e-05 5.7e-04 2.8e-04 1.8e-04] [6.0e-05 2.8e-04 1.2e-03 6.9e-04] [3.9e-05 1.8e-04 6.9e-04 2.8e-03]]\n",
      "            7.50e+02 | -1.86e+05  | 1.00e-08   | 2.56e-02   | [3.6e+01]            | [[2.5e-04 1.6e-05 6.0e-05 3.9e-05] [1.6e-05 5.7e-04 2.8e-04 1.8e-04] [6.0e-05 2.8e-04 1.2e-03 6.9e-04] [3.9e-05 1.8e-04 6.9e-04 2.8e-03]]\n",
      "            7.55e+02 | -1.86e+05  | 1.00e-08   | 2.39e-02   | [3.9e+01]            | [[2.5e-04 1.6e-05 5.9e-05 3.8e-05] [1.6e-05 5.7e-04 2.8e-04 1.8e-04] [5.9e-05 2.8e-04 1.2e-03 6.8e-04] [3.8e-05 1.8e-04 6.8e-04 2.8e-03]]\n",
      "            7.60e+02 | -1.86e+05  | 1.00e-08   | 2.39e-02   | [3.9e+01]            | [[2.5e-04 1.6e-05 5.9e-05 3.8e-05] [1.6e-05 5.7e-04 2.8e-04 1.8e-04] [5.9e-05 2.8e-04 1.2e-03 6.8e-04] [3.8e-05 1.8e-04 6.8e-04 2.8e-03]]\n",
      "            7.65e+02 | -1.86e+05  | 1.00e-08   | 2.38e-02   | [4.0e+01]            | [[2.5e-04 1.6e-05 5.9e-05 3.8e-05] [1.6e-05 5.6e-04 2.8e-04 1.8e-04] [5.9e-05 2.8e-04 1.2e-03 6.8e-04] [3.8e-05 1.8e-04 6.8e-04 2.8e-03]]\n",
